13 -5   0   0   0
-4  9  -5   0   0 
0  -1  -12  -6  0
0   0   6   20  -5
0   0   0   4   5

-5 -5 -6 -5
13 9 -12 20 5
-4 -1 6 4 
-66 -47 -43 -74 14

-66
-47
-43
-74
14

2 -1 0 3
-1 2 -1 2
0 -1 2 1

13 -5 0 0 0 -66
-4 9 -5 0 0 -47
0 -1 -12 -6 0 -43
0 0 6 20 -5 -74
0 0 0 4 5 14


1 1 2
1 1 2



HERE
0.000000 -4.000000 -1.000000 6.000000 4.000000 
13.000000 9.000000 -12.000000 20.000000 5.000000 
-5.000000 -5.000000 -6.000000 -5.000000 0.000000 


HERE
0.000000 -4.000000 -1.000000 6.000000 4.000000 
13.000000 9.000000 -12.000000 20.000000 -5.000000 
-5.000000 -5.000000 -6.000000 -5.000000 0.000000