100 119.379
200 142.260
298.15 155.501
300 155.706
400 165.279
500 172.763
600 178.928
700 184.199
800 188.826
900 192.966
1000 196.727
1100 200.181
1200 203.385
1300 206.377
1400 209.190
1500 211.848
1600 214.371
1700 216.774
1800 219.070
1900 221.271
2000 223.386
2100 225.422
2200 227.387
2300 229.285
2400 231.123
2500 232.904
2600 234.632
2700 236.311
2800 237.945
2900 239.535
3000 241.084
3100 242.596
3200 244.070
3300 245.511
3400 246.918
3500 248.295
3600 249.642
3700 250.961
3800 252.253
3900 253.519
4000 254.760
4100 255.978
4200 257.172
4300 258.345
4400 259.497
4500 260.629
4600 261.741
4700 262.835
4800 263.911
4900 264.969
5000 266.010
5100 267.035
5200 268.045
5300 269.040
5400 270.016
5500 270.978
5600 271.927
5700 272.865
5800 273.790
5900 274.703
6000 275.604
6200 277.370
6400 279.092
6600 280.771
6800 282.411
7000 284.011
7200 285.576
7400 287.104
7600 288.600
7800 290.063
8000 291.495
8200 292.897
8400 294.270
8600 295.615
8800 296.933
9000 298.226
9200 299.493
9400 300.736
9600 301.955
9800 303.152
10000 304.326
10500 304.326
11000 309.888
11500 312.492
12000 314.989
12500 317.387
13000 319.692
13500 321.912
14000 324.051
14500 326.117
15000 328.112
15500 330.043
16000 331.913
16500 333.725
17000 335.483
17500 337.189
18000 338.845
18500 340.454
19000 342.016
19500 343.535
20000 345.011