5 3.4
10 3.424
15 3.483
20 3.586
25 3.739
30 3.959
35 4.202
40 4.497
45 5.118
50 5.121
60 5.791
70 6.508
80 7.235
90 7.985
100 8.745
110 9.510
120 10.280
130 11.049
140 11.816
150 12.579
160 13.340
170 14.095
180 14.847
190 15.593
200 16.336
210 17.075
220 17.812
230 18.543
240 19.275
250 20.001
260 20.786
273.16 21.675
280 22.715
290 24.227
298.15 25.432
300 25.708
320 28.655
340 31.535
360 34.335
380 37.070
400 39.729
420 42.320
440 44.843
460 47.301
480 49.700
500 52.041
520 54.333
540 56.579
560 58.784
580 60.919
600 63.111